Top1	Top2	Top3	Top4	Top5	Top6	Top7	Top8	Top9	Top10	Top11	Top12	Top13	Top14	Top15	TA
0.0001287181	0.6632304195	0.032241881	0.0195852376	0.0034409241	0.0002952029	0.0003195463	0.0034159083	0.0001368223	0.2182716139	0.0003503041	0.0578258618	0.0002314635	0.0001792299	0.0003468666	Solar Mounting/Rack
0.0001184734	0.0002516609	0.1357961011	0.0003397166	0.0002192722	0.0002717077	0.0268242036	0.0001962475	0.0590816882	0.0063453238	0.1211817222	0.0001633058	0.0002130412	0.6486782765	0.0003192594	Solar Monitoring
6.10579040553e-05	0.0001296991	0.0411206059	0.0001750806	0.0001130069	0.0016592393	0.000151578	0.5257473214	0.0714677071	0.1248068943	0.0958763108	8.41633242374e-05	0.1383577796	8.50183871246e-05	0.0001645375	Solar Invertor
9.42915719274e-05	0.3873084687	0.000157477	0.0729997911	0.0001745162	0.000216249	0.3193050619	0.0001561911	0.0001002283	0.0848179148	0.0002566129	0.1315121416	0.0001695571	0.0024774038	0.0002540949	Solar Mounting/Rack
0.0001632189	0.0003467092	0.000272593	0.0004680222	0.0003020879	0.0003743274	0.2440724395	0.0002703671	0.0001734954	0.2970814244	0.0045053182	0.4428871436	0.0002935035	0.0002272696	0.0085620801	Solar Mounting/Rack
0.0433138498	0.0002458629	0.0001933046	0.0032117636	0.0002142204	0.2767333256	0.0002873375	0.118266549	0.0001230313	0.0004393865	0.2508640092	0.0001595434	0.000208133	0.0001611643	0.3055785191	Solar Monitoring
0.0001071071	0.181446104	0.0001788804	0.3893940912	0.0001982354	0.0002456402	0.0002658965	0.0001774197	0.0001138507	0.1896201247	0.0002914902	0.0108075553	0.0001926022	0.0001491383	0.226811864	Solar Mounting/Rack
0.0003342602	0.000710035	0.0005582505	0.0092753515	0.0006186537	0.7243348537	0.0008298108	0.0005536919	0.2415447254	0.0012689178	0.0175434368	0.0004607504	0.0006010737	0.0004654314	0.0009007572	Solar Monitoring
9.6789437424e-05	0.0002056	0.166331633	0.000277539	0.0001791393	0.0002219776	0.0532220167	0.0001603287	0.0001028834	0.0172252563	0.1568003525	0.0001334163	0.0001740488	0.6046081928	0.0002608261	Solar Monitoring
4.74372314678e-05	0.0001007661	7.92252646236e-05	0.0001360239	8.77975200574e-05	0.0001087929	0.0308057374	7.85783243348e-05	5.0423949977e-05	0.0001800811	0.8936212403	6.53883416851e-05	0.0520187956	6.6052658889e-05	0.0225536593	Solar Monitoring
2.26650970765e-05	4.81451589418e-05	0.3197919848	6.49910603825e-05	4.1948892328e-05	0.1190433767	5.62667638087e-05	0.0519200486	0.1985310663	8.60411782792e-05	0.1777028669	3.12419815851e-05	4.07568453253e-05	0.0079267231	0.1246918765	Solar Invertor
9.15008480398e-05	0.4578056226	0.0001528162	0.1846728806	0.0001693511	0.0024865216	0.1641476037	0.0001515684	9.72618772567e-05	0.0026240282	0.0776558973	0.0889163703	0.0001645387	0.0001274078	0.0207366308	Solar Mounting/Rack
9.84490746457e-05	0.0002091253	0.0001644205	0.5955241159	0.0271273139	0.0002257838	0.1276212526	0.0001630779	0.0001046476	0.0003737321	0.0002679275	0.000135704	0.078562787	0.03443085	0.1349908128	Solar Monitoring
9.58659565836e-05	0.0002036383	0.0001601064	0.0837597997	0.2649438551	0.117098732	0.3675715886	0.000158799	0.0406517147	0.1053163828	0.0193431625	0.0001321434	0.0001723881	0.0001334859	0.0002583375	Solar Invertor
9.29826861847e-05	0.0001975137	0.0001552911	0.0072072529	0.6456506428	0.0372299382	0.0002308322	0.000154023	9.88370141308e-05	0.2502156448	0.0580916305	0.000128169	0.0001672034	0.0001294712	0.0002505677	Solar Mounting/Rack
0.080419926	0.0002539063	0.0894222904	0.0003427476	0.0002212286	0.119237681	0.0002967377	0.0001979985	0.1012460729	0.000453761	0.6070394003	0.0001647629	0.000214942	0.0001664368	0.0003221079	Solar Invertor
0.0140649809	8.55235385051e-05	6.7241126985e-05	0.0001154481	7.45166863525e-05	0.1884242812	0.0161282011	0.1453227135	4.27964897259e-05	0.0442305301	0.1714114999	5.54972685478e-05	0.1242913417	0.2955769324	0.000108496	Solar Invertor
6.72941709998e-05	0.0855361181	0.0118330199	0.080563007	0.6196436398	0.0001543329	0.0118876912	0.0001114707	7.15311118978e-05	0.1827624373	0.00018314	9.27595078929e-05	0.0001210098	9.37019042794e-05	0.0068788465	Solar Mounting/Rack
5.35705049696e-05	0.0001137944	8.94684892207e-05	0.0001536108	0.0014320604	0.6399203019	0.0401203305	8.87379044694e-05	5.69433834828e-05	0.0002033642	0.164093886	7.3842557308e-05	0.1413849336	7.45927656776e-05	0.0121405627	Solar Invertor
9.02677866874e-05	0.0001917467	0.0585465639	0.0002588385	0.0001670689	0.0002070208	0.0002240924	0.0023955184	9.59511805312e-05	0.0003426743	0.5707277766	0.0001244268	0.0001623214	0.0001256909	0.3663400415	Solar Invertor
0.7677204597	9.38949435258e-05	0.0121718729	0.0001267486	8.18106942146e-05	0.0363955241	0.0001097341	7.32201463077e-05	0.0044462765	0.0298630149	0.0001202965	6.09295754972e-05	7.94859083284e-05	0.1485376155	0.000119116	Solar Monitoring
0.0282279718	0.0335869677	0.0001181242	0.5035135333	0.0001309054	0.0529570404	0.0001755856	0.0001171596	7.51817024332e-05	0.0073078103	0.0001924865	0.3731809663	0.0001271855	9.84839812783e-05	0.0001905977	Solar Mounting/Rack
0.2261182079	0.0588419985	0.0323927035	0.1234741939	0.0001091915	0.1997720091	0.0001464604	0.0059693937	6.27109663996e-05	0.2424302601	0.0001605579	0.0881563392	0.0001060887	8.21479886855e-05	0.0221777367	Solar Mounting/Rack
7.45322846385e-05	0.0928818521	0.0001244769	0.4471411361	0.3988491278	0.0020254035	0.0354199703	0.0001234605	7.92249479154e-05	0.0002829393	0.0002028384	0.0001027367	0.0223876729	0.0001037804	0.000200848	Solar Mounting/Rack
7.97057004152e-05	0.0775138242	0.0001331171	0.5753544217	0.0001475205	0.0457962287	0.1945507518	0.0001320301	8.47240896289e-05	0.0003025786	0.0002169177	0.1052190784	0.0001433284	0.000110984	0.0002147892	Solar Mounting/Rack
4.01008752967e-05	8.51822080598e-05	6.69727629274e-05	0.0001149873	0.9399712497	9.19676426114e-05	9.95515912076e-05	6.64258745226e-05	4.26256859314e-05	0.0590205162	0.0001091339	5.52757750535e-05	7.21102215605e-05	5.58373529646e-05	0.000108063	Solar Mounting/Rack
9.45133105646e-05	0.0025523923	0.0001578474	0.7645498934	0.0001749266	0.1060399872	0.1248708803	0.0001565584	0.000100464	0.0003587912	0.0002572164	0.0001302789	0.0001699558	0.0001316024	0.0002546924	Solar Mounting/Rack
8.00231028746e-05	0.0997244891	0.091723791	0.5119396139	0.0001481079	0.0001835256	0.1614769565	0.0001325558	8.50614762183e-05	0.036143405	0.0002177815	0.0001103053	0.0001438992	0.000111426	0.0977790586	Solar Mounting/Rack
0.0001715806	0.0003644712	0.000286558	0.000491999	0.0003175639	0.4187723815	0.0004259538	0.0301684235	0.0001823836	0.0006513537	0.0004669537	0.0002365098	0.4314949337	0.0002389126	0.1157300215	Solar Invertor
0.0221694993	5.90718147437e-05	0.0228800622	0.0284487817	0.0145819536	0.0007557052	6.9036636725e-05	4.60647480661e-05	2.95598890897e-05	0.0353938874	7.5681713256e-05	3.83324219711e-05	5.00067061675e-05	0.8434987379	0.0319036189	Solar Monitoring
8.56508770708e-05	0.0001819394	0.0001430462	0.072703585	0.2196635969	0.0129831356	0.0002126308	0.0065352297	0.1918915928	0.1580278214	0.2176070532	0.0001180627	0.0001540192	0.0001192622	0.1195733741	Solar Invertor
0.0039070034	0.0003206641	0.0002521156	0.6201803938	0.0190596229	0.0003462076	0.1806649475	0.0002500569	0.0001604622	0.1733511645	0.0004108289	0.0002080829	0.0002714553	0.0002101969	0.0004067976	Solar Mounting/Rack
0.0372236318	0.6635890367	0.0001187512	0.0780472788	0.0001316002	0.0001630703	0.0001765176	0.0125019574	0.0407664446	0.1347266921	0.0001935081	0.0301738668	0.0001278605	9.90066854011e-05	0.0019607773	Solar Mounting/Rack
6.98678416993e-05	0.1426982427	0.0001166868	0.6729660017	0.0001293124	0.0001602354	0.000173449	0.0001157339	7.42668247249e-05	0.1202156985	0.0001901442	0.0626791591	0.0001256378	9.72855407511e-05	0.0001882783	Solar Mounting/Rack
0.0001097392	0.041190143	0.0001832762	0.658357704	0.1339960885	0.0002516767	0.0685341561	0.0029122486	0.0001166485	0.0359126888	0.0002986534	0.0001512665	0.0001973353	0.0001528033	0.057635572	Solar Mounting/Rack
5.98753824953e-05	0.0001271872	0.4887497326	0.0001716897	0.0001108182	0.1982788267	0.0001486424	9.91817414256e-05	6.36452254565e-05	0.0032068703	0.0478360947	8.25333150352e-05	0.0001076691	0.2607958825	0.0001613509	Solar Monitoring
9.74938089326e-05	0.0002070962	0.0001628251	0.0002795587	0.000180443	0.000223593	0.0002420312	0.8370578102	0.0631740791	0.0003701057	0.0099684735	0.0001343872	0.0826520536	0.0049873254	0.0002627242	Solar Invertor
0.2795811203	0.5684266698	0.0001242465	0.0501913459	0.0001376901	0.0001706165	0.0001846861	0.0001232319	7.90782995326e-05	0.0576645911	0.0002024629	0.0426764187	0.0001337774	0.0001035883	0.0002004762	Solar Mounting/Rack
0.0159561238	0.5754351949	0.0001066729	0.3847756452	0.0001182151	0.0001464843	0.0001585639	0.0001058019	6.78933824644e-05	0.022491623	0.0001738263	8.80422040075e-05	0.0001148558	8.89366746315e-05	0.0001721206	Solar Mounting/Rack
0.2177737438	0.4033582771	0.1135585253	0.0185748988	0.0001140464	0.0001413188	0.0001529724	0.0614294299	0.0031318672	0.173483709	0.0078336165	8.49375513964e-05	0.0001108056	8.58004800959e-05	0.0001660511	Solar Mounting/Rack
0.0419697904	0.0001084461	0.0064365874	0.0001463911	0.0089863425	0.0953869429	0.0001267398	0.720324696	5.42670560323e-05	0.0243288369	0.0903277383	7.03719721224e-05	9.18040225845e-05	7.1086920851e-05	0.0115699587	Solar Invertor
5.89964616024e-05	0.0001253202	0.0221172848	0.0632895986	0.2643342438	0.0001353029	0.1968473327	9.77258358248e-05	0.0441002197	0.0016918792	0.3465889598	8.13217945085e-05	0.0602906839	8.21479886855e-05	0.0001589824	Solar Invertor
0.4353819525	0.0759150758	0.0001082208	0.3887466741	0.0001199304	0.0001486099	0.0001608647	0.0001073371	6.88785542649e-05	0.0985954198	0.0001763487	8.93197467295e-05	0.0001165224	9.02271966338e-05	0.0001746182	Solar Mounting/Rack
5.77254197644e-05	0.0001226202	0.0230770733	0.0001655248	0.000106839	0.1135994247	0.1107377586	0.001531912	6.13598978807e-05	0.0174546363	0.446843788	7.95697673469e-05	0.0776635497	8.03781616876e-05	0.2084178399	Solar Monitoring
0.7291786507	0.0410005929	6.24258493983e-05	0.0001071806	6.9180390759e-05	0.001945778	0.0744949635	0.0540034898	3.97317436842e-05	0.0001418956	0.0001017246	5.15229931996e-05	0.0028572959	0.0958448412	0.0001007264	Solar Mounting/Rack
0.0458210687	0.66136687	0.0002044941	0.0308168513	0.0093663455	0.0063739632	0.00030397	0.0002028242	0.0001301529	0.0674894704	0.0003332284	0.0001687786	0.0002201807	0.0854745934	0.0917272086	Solar Mounting/Rack
8.03430433485e-05	0.0101659179	0.0001341815	0.0002303798	0.0001487001	0.0001842593	0.9557456712	0.0001330858	8.54015606193e-05	0.000304998	0.0002186523	0.0280974556	0.0001444745	0.0041099728	0.0002165067	Solar Mounting/Rack
7.17385085594e-05	0.0001523868	0.0019047684	0.2804440251	0.1732736466	0.1393912061	0.4017935174	0.0001188326	7.62552715473e-05	0.0002723335	0.0001952352	9.88856635289e-05	0.0019139591	9.98902990008e-05	0.0001933194	Solar Mounting/Rack
9.99175964172e-05	0.0002122448	0.0275139043	0.0027726026	0.0001849289	0.1792279013	0.0002480483	0.5620226966	0.0001062086	0.0003793069	0.0773408301	0.0001377282	0.0001796739	0.0001391275	0.1494348804	Solar Invertor
0.0101555255	0.2352518225	0.0289469686	0.037671428	0.0188598948	0.0289831046	0.1040044427	9.60341931772e-05	6.1625434162e-05	0.5022125868	0.0001577786	0.0332575794	0.0001042523	8.07259999156e-05	0.0001562304	Solar Mounting/Rack
0.0033215015	0.0082791644	0.000109278	0.0001876222	0.3696850242	0.0099182709	0.2069228683	0.0001083856	6.9551374406e-05	0.0328090896	0.0001780713	9.01922407189e-05	0.0554708472	0.0424200159	0.2704301172	Solar Monitoring
6.64046798243e-05	0.0001410567	0.0001109029	0.0001904122	0.0001229028	0.000152293	0.0001648516	0.0001099973	7.05856170375e-05	0.3323531492	0.1323602472	9.15334170965e-05	0.0414255127	0.1091405739	0.3834995769	Solar Monitoring
7.12299389211e-05	0.0001513065	0.0001189616	0.5035384415	0.2943342139	0.0001633593	0.0462567213	0.0231579357	0.0390663916	0.0002704029	0.0001938511	9.81846418998e-05	0.0001280871	9.91821552959e-05	0.0923517307	Solar Mounting/Rack
0.0001035207	0.0002198984	0.0722937028	0.0002968405	0.0465549768	0.1831151889	0.0981352382	0.0001714788	0.0001100385	0.010695958	0.0105847029	0.0001426948	0.3968506203	0.0001441445	0.1805809958	Solar Invertor
0.2168702039	0.0554125561	0.1067712137	0.0371559633	0.0627187242	0.2170611505	0.0003664975	0.0002445457	0.0111767176	0.1915701607	0.0848868454	0.0148965526	0.0002654725	0.0002055642	0.0003978319	Solar Mounting/Rack
6.43835115603e-05	0.0001367633	0.0001075274	0.0001846166	0.0001191619	0.0914590653	0.0001598339	0.0001066493	0.2820124329	0.0002444125	0.6153257547	8.87474020412e-05	0.0065235938	8.96490371716e-05	0.0033774083	Solar Invertor
0.6823785212	0.0001128915	8.8758644796e-05	0.0014747281	9.83624218079e-05	0.0001218842	0.0755050872	0.0384357778	5.64915937673e-05	0.0015240867	0.0001446345	0.0146189527	0.0014179033	0.1706553449	0.0133665753	Site Assessment
6.83237680483e-05	0.0001451332	0.0579138965	0.0001959151	0.0001264546	0.0239566071	0.0018696095	0.0545129772	0.0068726006	0.0002593705	0.8518828252	9.41787231701e-05	0.0001228612	0.0017951293	0.0001841174	Solar Invertor
0.0183193923	0.0001298964	0.0153173296	0.0047399073	0.0001131788	0.0031832839	0.0564480532	0.7136942315	6.5000950333e-05	0.0017536606	0.0032094611	8.42913804287e-05	0.0001099626	8.51477443113e-05	0.1827472025	Site Assessment
0.0001424	0.0003024857	0.0002378232	0.142132963	0.0002635559	0.0003265811	0.000353512	0.0002358812	0.0001513657	0.0855753612	0.0003875391	0.7690524483	0.0002560665	0.0001982809	0.0003837363	Solar Mounting/Rack
0.000193935	0.0004119564	0.1547361402	0.0005560992	0.0003589378	0.3333961815	0.0004814493	0.0003212474	0.0002061455	0.1744499944	0.0005277909	0.0002673236	0.000348738	0.1112538426	0.2224902182	Solar Monitoring
3.42269776707e-05	7.27048851584e-05	0.0239024251	9.81441890584e-05	6.33477896067e-05	7.84964025547e-05	8.49694692231e-05	0.7162661835	3.63819589915e-05	0.0214203452	0.0273448766	4.717908785e-05	6.15476576238e-05	0.2095453206	0.0009438506	Solar Monitoring
8.77069282609e-05	0.0001863069	0.0023287547	0.0024337701	0.002344604	0.7683618523	0.000217735	0.0001452838	0.0110046027	0.0985353156	0.1137169789	0.0001208968	0.0001577164	0.0001221251	0.0002363507	Solar Monitoring
0.6332277493	0.0317423196	0.0001628251	0.0002795587	0.0195867343	0.000223593	0.0075193905	0.0462514375	0.0001036322	0.0003701057	0.0002653278	0.0001343872	0.0001753154	0.1262766464	0.1336809773	Site Assessment
7.26462012018e-05	0.2514026728	0.0001213269	0.3454488587	0.0001344546	0.0001666073	0.0001803463	0.0001203362	7.72201138658e-05	0.0002757793	0.0001977054	0.4013744925	0.0001306339	0.0001011542	0.0001957654	Solar Mounting/Rack
9.02677866874e-05	0.1304593161	0.0001507569	0.5999388563	0.0024130615	0.0069449985	0.1102777286	0.0338394145	9.59511805312e-05	0.1148882957	0.0002456623	0.0001244268	0.0001623214	0.0001256909	0.0002432517	Solar Mounting/Rack
8.45695118167e-05	0.0022838537	0.0001412402	0.000242499	0.0001565225	0.0570076571	0.0002099463	0.0001400868	0.0337572747	0.0003210425	0.2906113123	0.0001165722	0.4988501499	0.1032241096	0.0128531638	Solar Invertor
0.1206743616	0.0002287359	0.0001798389	0.0163843276	0.1261244973	0.0002469565	0.6915162896	0.0028576299	0.0001144608	0.0004087785	0.0002930522	0.040337323	0.0001936343	0.0001499375	0.0002901765	Solar Mounting/Rack
9.49599313033e-05	0.0025644536	0.0025213332	0.5791435669	0.0143521926	0.0025805217	0.0096867004	0.0001572982	0.0001009387	0.3878498292	0.0002584319	0.0001308945	0.0001707589	0.0001322243	0.0002558959	Solar Mounting/Rack
0.003104191	0.0001298964	0.0472692522	0.000175347	0.0001131788	0.0001402437	0.0001518087	0.0137949755	6.5000950333e-05	0.1767284746	0.0366829038	8.42913804287e-05	0.1689986961	0.0016066679	0.5509550719	Solar Invertor
0.0001562393	0.3424282658	0.0002609364	0.1170717754	0.2257617858	0.0081332381	0.0003878686	0.0041462645	0.0001660764	0.2999274499	0.0004252027	0.0002153631	0.0002809527	0.0002175511	0.0004210303	Solar Mounting/Rack
7.41199249698e-05	0.0001574454	0.3247048385	0.1809451656	0.2417287595	0.0333657764	0.0204703205	0.0001227774	7.87866254699e-05	0.1256876888	0.0002017161	0.0001021683	0.000133284	0.0093242588	0.0629028942	Solar Mounting/Rack
0.0001073933	0.0002281247	0.1177517723	0.0003079451	0.0001987651	0.0002462966	0.000266607	0.0749967026	0.000114155	0.0511775922	0.1205367834	0.0001480329	0.347566158	0.0001495368	0.286204135	Solar Invertor
8.36890149668e-05	0.0001777721	0.0001397696	0.4812520267	0.0001548928	0.000191933	0.021030793	0.0001386283	8.89581995775e-05	0.4542598102	0.0002277583	0.0417614236	0.0001504913	0.0001165305	0.0002255233	Solar Mounting/Rack
0.000146554	0.1534632607	0.0002447609	0.397886014	0.0221500944	0.0003361081	0.2118593759	0.0002427622	0.0001557813	0.1974659992	0.0149847444	0.0002020127	0.0002635365	0.0002040651	0.0003949306	Solar Mounting/Rack
0.0001112581	0.0002363343	0.0527827964	0.0003190272	0.0002059181	0.0002551602	0.0002762015	0.0915369511	0.0001182631	0.0004223578	0.086118918	0.0001533602	0.0002000666	0.4486134085	0.3186499788	Solar Monitoring
7.87684226722e-05	0.6449651527	0.0275697574	0.0002258646	0.1392966859	0.0001806481	0.0001955449	0.0001304775	8.37277994879e-05	0.0159779951	0.000214367	0.1470989633	0.000141643	0.0020695507	0.0217708536	Solar Mounting/Rack
7.81557218807e-05	0.0001660182	0.0001305284	0.0002241077	0.0001446518	0.0118470046	0.0001940239	0.0001294626	0.0448094965	0.0002966945	0.0527176273	0.0001077313	0.6477013171	0.0001088258	0.2413443547	Solar Invertor
8.06655524006e-05	0.0001713496	0.0001347201	0.0002313045	0.000149297	0.5461094407	0.0002002546	0.00013362	8.57443753201e-05	0.0003062223	0.00021953	0.0001111909	0.2931780269	0.0001123205	0.1587763129	Solar Mounting/Rack
7.74031209043e-05	0.0290529369	0.0001292715	0.0002219497	0.0001432588	0.0001775169	0.0001921555	0.0078318205	0.0694147182	0.0002938375	0.0002106513	0.0001066939	0.8860537205	0.0001077778	0.0059862877	Solar Invertor
4.58672463939e-05	9.74311232996e-05	7.66032211552e-05	0.2124027514	0.5764126918	0.0229300556	0.0971195361	7.59776920358e-05	4.87551163125e-05	0.0355526593	0.0001248269	6.32242457362e-05	0.0548621515	6.38665766635e-05	0.0001236021	Solar Mounting/Rack
0.0001048713	0.0002227674	0.0001751463	0.0211755001	0.0001940973	0.0002405125	0.000260346	0.2872020347	0.0001114741	0.0186635505	0.0002854054	0.0001445565	0.670791108	0.0001460251	0.0002826048	Solar Invertor
9.36355440939e-06	1.98900456406e-05	1.56381401896e-05	2.68495355639e-05	1.73302031048e-05	2.14744446131e-05	2.32452966155e-05	0.0002484892	0.9985567607	0.0002685246	2.54827575105e-05	1.2906893513e-05	1.6837736784e-05	1.30380219557e-05	0.0007241689	Solar Invertor
0.1680005988	0.0001706645	0.0241227895	0.2001354461	0.0021477507	0.2300750857	0.0001994539	0.0001330858	8.54015606193e-05	0.3621331682	0.0022177029	0.0001107463	0.0001444745	0.0101071248	0.0002165067	Solar Mounting/Rack
0.0003234983	0.0006871744	0.0005402768	0.1216641598	0.1454825885	0.2502641049	0.1859324618	0.000535865	0.0083929692	0.0012280632	0.1779606602	0.0004459159	0.0005817213	0.0245977551	0.0813627856	Solar Invertor
4.58149603834e-05	0.6396049038	7.65158979094e-05	0.1141255939	8.47949970673e-05	0.0001050724	0.000113737	7.58910818571e-05	4.86995382971e-05	0.1563460064	0.0001246847	6.31521737493e-05	8.23854072906e-05	6.37937724565e-05	0.0890389541	Solar Mounting/Rack
8.73257905292e-05	0.0001854973	0.0001458434	0.0002504024	0.0001616238	0.0002002736	0.0002167888	0.4803315681	9.28239519277e-05	0.0003315059	0.5173620263	0.0001203715	0.000157031	0.0001215944	0.0002353236	Solar Invertor
7.06042778782e-05	0.0001499775	0.0001179167	0.0002024543	0.0001306754	0.0054321328	0.0001752772	0.2197089724	7.50496280188e-05	0.0037815001	0.5728881329	9.73222193514e-05	0.1968814107	9.83109709083e-05	0.0001902629	Solar Invertor
5.12479977029e-05	0.0001088609	8.55896529753e-05	0.0001469511	9.48505418002e-05	0.3137980396	0.0447565651	0.023037123	5.4474647711e-05	0.0001945475	0.0001394706	7.06411710968e-05	0.6172521773	7.13588547703e-05	0.000138102	Solar Invertor
9.54107930775e-05	0.064299537	0.0144030942	0.415716233	0.0001765877	0.0002188158	0.0002368601	0.0001580451	0.000101418	0.4395444253	0.0002596589	0.000131516	0.0001715697	0.0001328521	0.0643539765	Solar Mounting/Rack
0.1180518446	0.0001831101	0.0623440327	0.1289369719	0.0001595439	0.0001976963	0.0388209365	0.000142791	9.16294024221e-05	0.0303548579	0.0002345973	0.0001188224	0.0001550102	0.4505343012	0.1696738546	Solar Monitoring
5.91701754101e-05	0.0001256892	9.88205394718e-05	0.1150043257	0.5448380196	0.0001357013	0.0001468917	9.80135874389e-05	6.28956174865e-05	0.3285339648	0.0001610306	0.0103872357	0.000106401	8.2389871665e-05	0.0001594505	Solar Mounting/Rack
4.67747291761e-05	0.029194925	0.0047334094	0.5052331532	0.2386702141	0.0001072735	0.1525768864	7.74809095334e-05	4.97197355576e-05	0.0001775661	0.0001272966	0.0687300113	8.41112833413e-05	6.51301759251e-05	0.0001260475	Solar Mounting/Rack
0.0229893198	0.0002787797	0.0002191849	0.0003763243	0.0002429009	0.0100973067	0.0003258071	0.000217395	0.0001395031	0.0004982129	0.1603637261	0.0001809036	0.1210572775	0.5226531372	0.1603602213	Solar Monitoring
4.9178606572e-05	0.2313714007	8.21335478258e-05	0.767359899	9.1020482505e-05	0.0001127866	0.0001220873	8.14628589818e-05	5.22749646427e-05	0.0001866917	0.0001338388	6.77886847657e-05	8.84339852858e-05	6.84773884147e-05	0.0001325254	Solar Mounting/Rack
0.0001157438	0.0031257366	0.0088329258	0.0032117636	0.0002142204	0.0002654478	0.0002873375	0.2305816243	0.0001230313	0.0004393865	0.3631790846	0.0001595434	0.2161986625	0.0059209118	0.1673445802	Solar Invertor
0.0001476307	0.0039868608	0.0002465591	0.0004233238	0.000273237	0.1435958715	0.0003664975	0.0002445457	0.0001569257	0.0005604352	0.1436590686	0.0002034968	0.6908390958	0.0002055642	0.0150908877	Solar Invertor
6.97465933457e-05	0.085182546	0.0001164843	0.2240660431	0.5832220506	0.0001599574	0.0019085437	0.0001155331	7.41379423949e-05	0.048855852	0.0001898142	0.0486872202	0.0001254198	9.71167118399e-05	0.0071295345	Solar Mounting/Rack
0.0459553277	0.058631046	0.0002794011	0.3917592609	0.2625501819	0.0669844507	0.0004153155	0.0002771196	0.0001778285	0.000635086	0.0004552914	0.0376935385	0.1335023827	0.0002329457	0.0004508238	Solar Invertor
0.0023154584	0.0001900394	0.0001494145	0.0069345167	0.0001655814	0.0024311718	0.0002220971	0.5744547262	9.5096833404e-05	0.0003396232	0.0714752928	0.0001233189	0.0001608761	0.340701701	0.0002410857	Solar Monitoring
8.09906610877e-05	0.0102478618	0.4636230581	0.1574150542	0.0001498987	0.0022009089	0.0002010617	0.0001341586	0.0021012543	0.0244894284	0.0022355791	0.0525059115	0.1129948413	0.1230377971	0.0485821957	Solar Monitoring
0.0001659141	0.0003524344	0.0002770943	0.4009092974	0.1819470356	0.0003805085	0.0375655146	0.0002748316	0.0043045412	0.3721661231	0.0004515324	0.000228699	0.0002983501	0.0002310224	0.0004471016	Solar Mounting/Rack
6.12439888463e-05	0.0001300944	0.1189617005	0.0016994528	0.0001133513	0.0001404574	0.00015204	0.0001014488	0.7482698884	0.0002324943	0.0961685109	0.0046559358	0.0001101302	8.5277495737e-05	0.0291179737	Solar Invertor
0.0928012562	0.4886184433	0.0001517796	0.0183504238	0.0001682023	0.0748289718	0.0002256126	0.0295465131	9.66020832164e-05	0.0184348284	0.0002473288	0.2465991974	0.0001634225	0.0136939156	0.0160735026	Solar Mounting/Rack
6.58605909604e-05	0.1427073564	0.0001099943	0.7146648356	0.0001218957	0.0017897515	0.0001635008	0.0001090961	7.00072715311e-05	0.1149594667	0.0001792385	0.0246713792	0.0001184319	9.17057554654e-05	0.0001774797	Solar Mounting/Rack
0.0001045983	0.0002221876	0.0027772478	0.0002999306	0.0001935921	0.4036362794	0.0002596684	0.000173264	0.1874953148	0.0576533381	0.1876687935	0.0001441803	0.140726189	0.0183635467	0.0002818693	Solar Invertor
0.0002181457	0.0004633846	0.0003643266	0.4457033357	0.3043593272	0.0005002969	0.0005415529	0.0003613516	0.0002318804	0.2233670307	0.0005936798	0.0111562524	0.000392274	0.0111593073	0.0005878541	Solar Mounting/Rack
0.05274295	0.018142947	0.0014795718	0.8528609369	0.0347657841	0.000127799	0.0001383377	9.23059377726e-05	5.92330013172e-05	0.0362606955	0.0001516533	7.68116684815e-05	0.0028732168	7.75920417334e-05	0.0001501652	Solar Mounting/Rack
2.56606039867e-05	0.0013314538	0.2745861577	7.35805303424e-05	4.74930202185e-05	5.88502180858e-05	6.37031969832e-05	0.0019579244	0.0932443043	9.74127132533e-05	0.4782859582	3.53710427319e-05	4.61434276725e-05	0.0632445371	0.0869014497	Solar Invertor
0.0001399212	0.0002972203	0.0385295258	0.0004012171	0.0002589681	0.0420981789	0.0003473584	0.0002317751	0.0001487308	0.0144569292	0.5504483479	0.0001928699	0.0350660113	0.0315277913	0.2858551546	Solar Invertor
4.10427511766e-05	8.71829391305e-05	6.85457966715e-05	0.0001176881	7.59625226462e-05	9.41277476881e-05	0.0123563231	0.7077615105	4.36268637148e-05	0.024664673	0.1185712193	5.65740738782e-05	7.38039222061e-05	0.1021774265	0.0338102927	Solar Monitoring
5.91701754101e-05	0.0001256892	0.2400738113	0.0001696676	0.000109513	0.0001357013	0.0001468917	0.2636288316	6.28956174865e-05	0.038502841	0.123829124	8.1561244777e-05	0.2091643684	0.0059713467	0.1179385871	Solar Invertor
0.0261540214	0.325075959	8.76002748264e-05	0.0014554817	9.70787150115e-05	0.0379675694	0.0144860766	8.6884945602e-05	5.57543341358e-05	0.1985710462	0.2898701688	7.23006319925e-05	9.43200631179e-05	0.1057843918	0.0001413462	Solar Mounting/Rack
0.0359826559	0.0003398092	0.1236564175	0.0004587078	0.012236971	0.1038546353	0.0003971316	0.0002649864	0.0001700426	0.2075827951	0.0044156556	0.0002205063	0.0002876624	0.509700938	0.0004310852	Solar Monitoring
5.19099134745e-05	0.0130262013	8.66951233105e-05	0.5839490798	0.0013876691	0.0001190506	0.1112059029	8.59871854023e-05	0.1305061147	0.0001970603	0.000141272	0.1589375455	9.33454777267e-05	7.22805210507e-05	0.0001398857	Solar Mounting/Rack
8.43919333579e-05	0.0001792652	0.0001409436	0.0002419898	0.1219441809	0.3886552279	0.0002095054	0.0001397927	8.97053747539e-05	0.0024201613	0.2795021243	0.0001163274	0.0211496841	0.1429034251	0.0422232751	Solar Invertor
5.3357143943e-05	0.0001133412	8.91121534214e-05	0.0917575791	9.87541804315e-05	0.0173812036	0.0014600633	8.83844784487e-05	0.1460930036	0.0002025542	0.2045960125	7.35484565927e-05	0.5377750048	7.42956770265e-05	0.0001437857	Solar Invertor
2.0843179318e-05	4.42750444762e-05	3.48103450807e-05	5.97668000736e-05	3.85768603608e-05	4.78019008867e-05	5.17437998942e-05	3.45260896124e-05	0.9812291138	0.0182304163	5.67243656722e-05	2.87306170466e-05	3.74806352112e-05	2.90225076603e-05	5.61677437026e-05	Solar Invertor
0.039445326	0.0264887971	0.0002199029	0.1936696995	0.0002436967	0.0003019728	0.1608576367	0.0002181072	0.0001399601	0.0037759831	0.0003583376	0.5538488191	0.0198935996	0.0001833402	0.0003548213	Solar Mounting/Rack
3.93933774906e-05	8.3679342477e-05	0.0157484149	0.0001129586	7.29098377655e-05	9.03450619345e-05	9.77952072919e-05	0.0774982086	4.18736430131e-05	0.0648403679	0.4862685443	5.43005472239e-05	0.0235947736	5.48522172429e-05	0.3314015829	Solar Monitoring
0.1405759263	0.3233104493	0.1205592293	0.0684718598	0.0041634473	0.0804680051	0.0002002546	0.0663671001	8.57443753201e-05	0.1749217607	0.00021953	0.0001111909	0.0001450545	0.0041264708	0.016273977	Solar Mounting/Rack
5.7069670258e-05	0.0029611785	0.0043552393	0.0001636445	0.0838841865	0.1052090793	0.0186013601	9.45341648419e-05	6.0662861412e-05	0.3594704777	0.0001553142	7.86658703138e-05	0.0001026239	0.4218122221	0.0029937413	Solar Monitoring
0.2388525137	0.5567597562	0.0050509444	0.0018365873	0.000122498	0.0001517914	0.0001643086	0.000109635	7.03531359301e-05	0.1896335149	0.000180124	9.12319422202e-05	0.000119017	9.21588192016e-05	0.0067655655	Solar Mounting/Rack
6.74070357174e-05	0.0102062909	0.000112577	0.7415086841	0.0001247579	0.0035089601	0.0940896528	0.0001116577	7.16510827455e-05	0.0589573359	0.0001834471	0.0873064913	0.0017983969	9.38590596288e-05	0.0018588312	Solar Mounting/Rack
5.42941984979e-05	0.0217300177	9.06771350357e-05	0.8471811948	0.0001004885	0.0001245187	0.0163458015	8.99366806844e-05	5.771264183e-05	0.1136832131	0.0001477608	7.48401096155e-05	9.76329482627e-05	7.5600452684e-05	0.0001463108	Solar Mounting/Rack
9.17096408956e-05	0.0001948095	0.0001531649	0.1234838442	0.1416455527	0.0002103276	0.1896227147	0.0001519142	9.74838160207e-05	0.0140393558	0.0002495863	0.529519787	0.0001649142	0.0001276985	0.0002471371	Solar Mounting/Rack
0.7556224098	9.38949435258e-05	0.0132716956	0.0001267486	8.18106942146e-05	0.040794815	0.0001097341	7.32201463077e-05	4.69855908227e-05	0.0342623058	0.0001202965	6.09295754972e-05	7.94859083284e-05	0.1551365518	0.000119116	Solar Mounting/Rack
0.0002069148	0.3247848128	0.0003455699	0.42790536	0.0003829609	0.0004745399	0.000513672	0.000342748	0.0002199424	0.11919726	0.0005631151	0.1238453236	0.0003720784	0.0002881128	0.0005575894	Solar Mounting/Rack
0.0002135101	0.0004535378	0.133167566	0.133423211	0.2766420085	0.0270518619	0.2342773719	0.000353673	0.000226953	0.0008105265	0.0058935035	0.0799808949	0.1066327232	0.0002972962	0.0005753624	Solar Mounting/Rack
5.77254197644e-05	0.0001226202	9.64076425803e-05	0.0001655248	0.000106839	0.0259856368	0.047540928	9.56203938608e-05	0.1408179372	0.0907055082	0.0690990958	7.95697673469e-05	0.1738950873	0.2701031999	0.1811282994	Solar Monitoring
0.0001144257	0.0002430629	0.0001911032	0.0088693407	0.0002117808	0.08567473	0.0002840652	0.1340021542	0.0712985511	0.0175168437	0.0003114077	0.0001577265	0.3788669824	0.0001593289	0.302098497	Solar Invertor
0.0253768678	0.1574381731	0.067559216	0.2445426369	0.0788080692	0.0002587415	0.0227370098	0.0001868824	0.000119923	0.1070987112	0.0003070369	0.0001555127	0.0002028747	0.0001570927	0.2950512522	Solar Mounting/Rack
9.42915719274e-05	0.000200294	0.000157477	0.0002703765	0.0048667365	0.0119467997	0.0002340816	0.359111044	0.0047924486	0.0144346103	0.0119871637	0.0001299732	0.2558955634	0.0001312937	0.3357478463	Solar Monitoring
0.0001147524	0.1629904892	0.0001916489	0.5827910364	0.0002123855	0.0002631741	0.0002848763	0.0001900839	0.0001219774	0.0546845336	0.0003122968	0.1971673791	0.0002063502	0.0001597838	0.0003092323	Solar Mounting/Rack
0.0001409023	0.0002993043	0.0247762792	0.0004040303	0.0002607839	0.2106742088	0.0003497939	0.0002334003	0.0001497737	0.0180641479	0.0354419736	0.0001942222	0.2666980525	0.0001961954	0.4421169316	Solar Invertor
6.08729466454e-05	0.0001293062	0.0001016644	0.0016891568	0.0001126645	0.0001396065	0.9967622672	0.0001008342	6.47055977263e-05	0.0002310857	0.0001656647	8.39083755832e-05	0.000109463	8.47608483026e-05	0.0001640391	Solar Mounting/Rack
6.34684494347e-05	0.0001348196	0.0001059991	0.6887072879	0.2164660129	0.000145559	0.0254245456	0.0001051335	6.7464517224e-05	0.0681459564	0.0001727283	8.74860637826e-05	0.0001141303	8.83748842631e-05	0.0001710334	Solar Mounting/Rack
0.0246780925	0.0004180076	0.0443950057	0.0005642676	0.0003642101	0.26484944	0.0004885212	0.1031474631	0.151993288	0.0007470297	0.0005355435	0.0002712502	0.0003538605	0.0492366236	0.3579573967	Solar Monitoring
3.26159531802e-05	6.92827497979e-05	5.4472140167e-05	0.1591537776	0.4942832949	7.48016671284e-05	0.2524673919	5.40273297615e-05	3.46695020077e-05	0.0585541136	0.0349846356	4.49584224235e-05	5.86506801366e-05	4.54151805047e-05	8.78927571886e-05	Solar Invertor
0.0001515269	0.0455643535	0.0002530661	0.0871492501	0.0002804481	0.0003475128	0.0192272034	0.0002509996	0.0001610672	0.0458177063	0.0004123778	0.7994926886	0.0002724787	0.0002109894	0.0004083313	Solar Mounting/Rack
0.4367938633	0.2343012134	0.020410532	0.070041922	0.000167445	0.0002074868	0.0159819358	0.0001498624	9.6167171284e-05	0.0341091719	0.0002462153	0.0001247068	0.0249242193	0.0001259738	0.162319285	Solar Mounting/Rack
0.0792784363	0.0002815378	0.0002213533	0.0003800473	0.0035430497	0.0530678964	0.0003290304	0.0002195458	0.0001408832	0.0005031418	0.544488749	0.0001826933	0.3168219248	0.0001845494	0.0003571615	Solar Invertor
0.0001220718	0.0002593046	0.3160853166	0.0003500349	0.0002259322	0.0033172819	0.0003030467	0.0579113181	0.0001297576	0.0095753732	0.0003322163	0.0001682659	0.000219512	0.2067078425	0.4042927257	Solar Monitoring
0.0001174348	0.686907219	0.0001961288	0.245780365	0.0002173501	0.0031912739	0.0002915354	0.0001945272	0.0001248287	0.0471969727	0.000319597	0.0001618743	0.0002111737	0.0001635189	0.0149262005	Solar Mounting/Rack
0.3247232042	0.4235185022	0.0002136047	0.0003667436	0.000236717	0.0002933241	0.057599037	0.0002118605	0.0001359515	0.1118662712	0.0003480745	0.003358605	0.0352353664	0.0001780892	0.0417146488	Solar Mounting/Rack
6.71816836065e-05	0.0001427072	0.0836910542	0.0001926402	0.0001243408	0.000154075	0.0001667805	0.1037490629	0.0067577198	0.0002550349	0.0152270275	9.26044532263e-05	0.6503642887	0.0234956243	0.1155198577	Solar Invertor
5.37855791948e-05	0.0001142512	8.98276862454e-05	0.0001542275	9.95471346459e-05	0.32665945	0.0001335243	0.0763700678	0.1472660685	0.0002041807	0.402963448	7.41390195275e-05	0.04559765	7.48922398247e-05	0.0001449402	Solar Invertor
0.0001659141	0.21088966	0.0291743605	0.0004757505	0.1860752165	0.0003805085	0.0912318662	0.0002748316	0.0001763603	0.4382170174	0.0004515324	0.0415105079	0.0002983501	0.0002310224	0.0004471016	Solar Mounting/Rack
0.0122772808	0.8419193123	0.0534532039	0.0001281581	0.0011947738	0.0001025018	0.0001109544	7.40343933853e-05	4.75080956516e-05	0.0891339342	0.0001216342	6.16071448724e-05	8.03698340214e-05	6.2233046756e-05	0.001232494	Solar Mounting/Rack
0.0001043268	0.6803216432	0.000174237	0.0106823587	0.1066209573	0.0002392639	0.0002589944	0.0001728142	0.0001108954	0.2002727722	0.0002839237	0.000143806	0.0001876026	0.000145267	0.0002811376	Solar Mounting/Rack
7.83080017316e-05	0.0001663417	0.052738012	0.2223439566	0.0001449336	0.0001795921	0.0079880655	0.0001297148	8.32383897614e-05	0.0938212357	0.0002131139	0.6216526122	0.0001408151	0.0001090378	0.0002110227	Solar Mounting/Rack
0.0002254891	0.0229209567	0.000376591	0.9656514256	0.0004173385	0.0061276316	0.0005597832	0.0003735158	0.0002396862	0.000856001	0.0006136648	0.0003108183	0.0004054791	0.000313976	0.0006076431	Solar Mounting/Rack
9.86908232261e-05	0.0002096389	0.0001648243	0.0002829911	0.0001826584	0.0002263383	0.0002450028	0.0001634783	0.0320273127	0.0003746498	0.6804614365	0.0001360372	0.1082225417	0.005048559	0.17215584	Solar Invertor
8.01827539609e-05	0.0001703241	0.0001339138	0.7284277081	0.0540150891	0.0001838917	0.0899768655	0.0001328203	8.5231179174e-05	0.0601562625	0.000218216	0.0100858375	0.0061293736	0.0001116483	0.0500926356	Solar Mounting/Rack
4.96034823258e-05	0.0001053676	8.28431359065e-05	0.1655258531	0.0309469594	0.000113761	0.0001231421	8.21666526847e-05	5.27265912047e-05	0.8024222702	0.0001349951	6.83743412238e-05	8.9198005635e-05	6.90689948886e-05	0.0001336704	Solar Mounting/Rack
6.91466096924e-05	0.0001468811	0.0001154823	0.0776193014	0.0001279776	0.0001585813	0.0001716585	0.0001145392	0.0017939674	0.1275770717	0.0001881813	0.7897897873	0.0001243409	9.62812812222e-05	0.001906802	Solar Mounting/Rack
4.97878276477e-05	0.0001057592	0.1252012317	0.0001427642	9.21480377599e-05	0.261499481	0.0323322146	8.24720150772e-05	5.29225431817e-05	0.0001890044	0.251610451	6.86284461647e-05	0.0397309016	0.2230520437	0.0657901897	Solar Invertor
6.74070357174e-05	0.1577984967	0.000112577	0.048831627	0.0001247579	0.0001545918	0.3054148566	0.0001116577	7.16510827455e-05	0.0153505478	0.020309657	0.4512554535	0.0001212127	9.38590596288e-05	0.000181647	Solar Mounting/Rack
1.62633497333e-05	3.4546578609e-05	2.7161538446e-05	4.66343621194e-05	3.01004449507e-05	0.0008466096	4.0374239523e-05	0.0008362509	0.9974932697	6.17388828777e-05	0.000448916	2.24176967416e-05	2.92450911334e-05	2.26454508218e-05	4.38261191168e-05	Solar Invertor
0.7240225621	0.0001568668	0.0001233333	0.0002117542	0.0001366781	0.0001693625	0.0001833287	0.0001223262	7.84970951337e-05	0.0002803398	0.0002009749	0.0001017928	0.0001327942	0.1011616577	0.1729177316	Site Assessment
0.0001134567	0.0002410044	0.107462164	0.0003253314	0.0002099872	0.0002602023	0.076501721	0.0086568332	0.0001206001	0.0286603563	0.0003087704	0.0001563907	0.0002040201	0.7595356299	0.017243532	Site Assessment
0.0391719708	0.0063910098	0.004798096	0.0017446484	0.0016807297	0.0314314712	0.0533444568	0.1002234378	0.0954930306	0.0002386773	0.0048641988	8.66649035309e-05	0.000113059	0.2785443237	0.3818742253	Solar Monitoring
0.0001032547	0.0002193335	0.0001724464	0.041402092	0.812034885	0.0002368051	0.0002563328	0.0001710383	0.0001097558	0.0466362412	0.0336796425	0.0001423282	0.0464299407	0.0181276554	0.0002782485	Solar Invertor
7.26462012018e-05	0.1754859028	0.0001213269	0.298452763	0.4845557489	0.0001666073	0.0399462735	0.0001203362	7.72201138658e-05	0.0002757793	0.0001977054	0.0001001368	0.0001306339	0.0001011542	0.0001957654	Solar Mounting/Rack
9.74938089326e-05	0.0002070962	0.1117490004	0.0002795587	0.0535477442	0.000223593	0.0002420312	0.3276426621	0.0001036322	0.0003701057	0.0002653278	0.0001343872	0.1214646364	0.0001357526	0.3835369785	Solar Monitoring
6.82078151868e-05	0.0001448869	0.0035081318	0.0001955826	0.00012624	0.001853537	0.0001693279	0.1189105935	7.2502280479e-05	0.0172300174	0.7791585218	9.40188916392e-05	0.0527330225	0.0255516047	0.0001838049	Solar Invertor
5.91701754101e-05	0.0001256892	9.88205394718e-05	0.0001696676	0.000109513	0.069330944	0.0001468917	0.0015702528	6.28956174865e-05	0.0002246217	0.7348083949	8.1561244777e-05	0.000106401	8.2389871665e-05	0.1930227866	Solar Monitoring
0.0001001666	0.0002127738	0.000167289	0.0351792802	0.1995685746	0.2943199204	0.0002486666	0.0151196618	0.1321978332	0.1025641345	0.0376569489	0.0001380715	0.1821172778	0.0001394742	0.0002699268	Solar Invertor
0.0700947331	0.0005960229	0.0004686108	0.0008045702	0.3705342879	0.098383305	0.1054177848	0.0004647842	0.0352053263	0.0708793103	0.245113124	0.0003867665	0.0005045578	0.0003906959	0.0007561203	Solar Invertor
8.33419286278e-05	0.0001770348	0.00013919	0.0023126462	0.012596254	0.000191137	0.0002068988	0.0001380534	0.0830352793	0.0003163824	0.6368426594	0.00011488	0.0748018882	0.0146317179	0.174412637	Solar Invertor
9.7257882083e-05	0.043765087	0.0001624311	0.0002788822	0.0001800063	0.0002230519	0.0002414455	0.0509793453	0.3122725737	0.0003692101	0.1986978157	0.000134062	0.3776818214	0.0025553403	0.0123616695	Solar Invertor
0.0081441305	8.64764591288e-05	6.7990341269e-05	0.001129662	7.53469663956e-05	9.33649909836e-05	0.0001010642	0.9836200781	4.32733369003e-05	0.0001545438	0.0061883573	5.61156303776e-05	7.32058580023e-05	5.66857408546e-05	0.0001097049	Site Assessment
0.0001270899	0.0002699642	0.0002122538	0.5410973505	0.1836417095	0.1615626926	0.1109918344	0.0002105206	0.0001350917	0.0004824585	0.0003458732	0.0001751831	0.0002285358	0.0001769629	0.0003424792	Solar Invertor
0.0001343101	0.0002853012	0.0069079677	0.7489545409	0.0236413772	0.0003080277	0.0170425673	0.0002224805	0.0001427664	0.2010195318	0.0003655226	0.0001851354	0.0002415191	0.0001870163	0.0003619358	Solar Mounting/Rack
5.69080541599e-05	0.1955225872	0.0269981756	0.0525534928	0.1289571741	0.0001305134	0.1233293062	0.0029261752	6.04910697244e-05	0.4405778437	0.0284739618	7.84430957479e-05	0.0001023332	7.92400435935e-05	0.0001533546	Solar Mounting/Rack
7.33087444267e-05	0.0439323744	0.0001224335	0.1205960026	0.7552829304	0.0001681268	0.0384865617	0.0001214337	7.79243717957e-05	0.0002782945	0.0001995085	0.0001010501	0.0329643144	0.0001020767	0.0074936595	Solar Mounting/Rack
6.39735804943e-05	0.1067834672	0.0001068427	0.0065504605	0.0160359517	0.0001467175	0.137049733	0.0653679189	6.80014520849e-05	0.0002428563	0.000174103	0.652707669	0.0001150386	8.90782400143e-05	0.0144981882	Solar Mounting/Rack
0.0618994721	0.0001466288	0.0138553826	0.000197934	0.1048960105	0.2028247652	0.0001713636	0.022442003	7.33739454091e-05	0.0019795557	0.1032385986	0.0018126616	0.0344743741	0.4518018615	0.0001860147	Solar Monitoring
