2,0.000136206890745,3.99018917097e-05,0.0375351576511,0.00012543909556,6.92202182105e-05,0.00170567652414,0.00184152373973,0.0423657077085,0.0912859080228,7.50434042543e-05,9.23242363463e-05,0.0001647520191,0.00020626016146,0.82421561373,0.00014126470628,2010,pat0475
2,0.00020990655672,6.14922538032e-05,0.000229254779678,0.00019331245639,0.000106674321545,0.0201637947398,0.000332918178982,0.00015846289674,0.000397849340764,0.00262067695646,0.000142279604558,0.0954449839882,0.361041983572,0.518678709268,0.000217701086335,2010,pat0474
2,0.000102664028242,3.00754896834e-05,0.841820645459,9.45479540633e-05,5.21737659412e-05,6.04353410686e-05,0.000162828269223,0.00130269759489,0.000194585708014,5.65629105226e-05,6.95880946689e-05,0.000124179517272,0.0540640170882,6.73914576337e-05,0.101797607321,2010,pat0477
2,0.0838580864062,8.54727671827e-05,0.0699572597591,0.0107144898689,0.000148274764477,0.000171753673544,0.000462748334027,0.000220259649671,0.265179685203,0.0906909298576,0.00019776525925,0.000352910861316,0.000441824334741,0.25785434654,0.219664192721,2010,pat0476
1,0.000122291941007,3.5825498698e-05,0.000133564250827,0.46275326937,6.21486533876e-05,7.19897250404e-05,0.0323015113979,9.23207713123e-05,0.109689353643,6.73769404459e-05,8.28923559083e-05,0.329980052784,0.0644002938669,8.02757528847e-05,0.00012683304811,2010,pat0471
1,0.000188641680478,5.52626953395e-05,0.000206029804746,0.123992654111,9.58675307459e-05,0.000111047895691,0.587876273991,0.00464491597187,0.0431313552661,0.000103932435502,0.103685512504,0.135303367055,0.000285662959199,0.000123829524669,0.000195646574408,2010,pat0470
2,0.000691387156064,0.000202542289013,0.000755116050741,0.00888775644056,0.000351362324982,0.00040699960154,0.00109656104394,0.000521942778874,0.603635378744,0.000380920859179,0.305756626025,0.0750955226447,0.00104697806155,0.000453845314996,0.000717060664062,2010,pat0473
3,0.000120359713094,3.52594513524e-05,0.000131453919013,0.0834205929396,6.11666969164e-05,0.024489226759,0.00019089416325,0.535858725694,0.163974871989,6.63123763874e-05,8.15826463513e-05,0.182565204839,0.00880051235654,7.90073859816e-05,0.000124829070139,2010,pat0472
2,0.000191224651113,5.60193781622e-05,0.217006299586,0.000176107443267,0.342408941337,0.00011256841572,0.000303288108859,0.000144359531293,0.0231832244048,0.000105355527304,0.000129616569235,0.000231299952596,0.000289574390826,0.000125525056776,0.415536595647,2010,pat0479
2,0.000260880599001,7.64251305757e-05,0.000284927375212,0.000240256760938,0.000132579283551,0.000153572855544,0.265048832115,0.0188770666944,0.0970084295221,0.264778800139,0.000176831010154,0.000315553825466,0.00350840918562,0.0250780790012,0.324059356503,2010,pat0478
1,0.000249984534997,7.32331219809e-05,0.00027302696204,0.247845774876,0.000127041913718,0.000147158658131,0.406127991264,0.000188718609722,0.000473811699852,0.000137729379288,0.0717691233179,0.000302374253309,0.000378555374615,0.271646208741,0.000259267293438,2012,pat0275
3,0.000175229181824,5.13334956791e-05,0.000191381003527,0.000161376491039,8.90513111074e-05,0.729927830987,0.0943813874011,0.000132284213409,0.006605687664,0.140206151592,0.000118774463678,0.00439432866532,0.00235654039991,0.00011502519612,0.0210936179345,2012,pat0274
1,0.0262099045849,0.00767820753231,0.0286258132898,0.0241378883834,0.6388987902,0.0154290119926,0.0415697053109,0.0197864110045,0.0496773108163,0.0144403888414,0.0177656902105,0.0317027624459,0.0396900562224,0.0172048935217,0.0271831656429,2012,pat0273
2,0.00395261043474,0.00738354993251,0.405152143179,0.000281439072107,0.120506713879,0.00017989671465,0.00413170017099,0.00023070241543,0.000579219525705,0.000168369725298,0.000207141539839,0.0331927543849,0.390693098656,0.00384761525382,0.0294930451153,2009,pat0378
1,0.00877731365545,4.23819943448e-05,0.000158008109557,0.0277576863995,7.35226018376e-05,8.51647075526e-05,0.825509918237,0.000109216578969,0.0261721301547,7.9707728091e-05,0.110595865192,0.000174992183142,0.000219080264669,9.49671778043e-05,0.000150045016067,2012,pat0270
2,0.000104325678252,3.05622710672e-05,0.000113941940434,9.60782428266e-05,0.0398938025598,6.14135063209e-05,0.0325361009768,0.0175091008107,0.0898394999156,0.149460419692,7.07144001546e-05,0.000126189402328,0.153295996783,0.0274590214469,0.489402832373,2008,pat0376
2,0.000168532934267,4.93718258737e-05,0.675972485269,0.000155209613338,0.0101420235482,9.92104589904e-05,0.000267298356237,0.000127229074581,0.000319431264286,9.28534896231e-05,0.00011423558948,0.000203852690958,0.223506742841,0.0101670048613,0.0786145181829,2009,pat0377
2,0.000168532934267,4.93718258737e-05,0.0343757434243,0.000155209613338,8.56482841789e-05,9.92104589904e-05,0.000267298356237,0.00414977918019,0.0948493587461,9.28534896231e-05,0.00011423558948,0.000203852690958,0.0947851394615,0.430523490897,0.340080275047,2009,pat0374
3,0.000143680557817,0.0463386226926,0.000156924372164,0.0824372666195,7.30183290312e-05,0.409894617664,0.0979650035457,0.18015053399,0.000272326963489,0.0120819654664,0.00524144910663,0.123631208984,0.00364695034414,0.0378174154696,0.000149015895505,2009,pat0375
3,0.000246310421077,7.21567880674e-05,0.000269014185162,0.300053081561,0.000125174732359,0.491036982125,0.103272209832,0.000185944943459,0.0386799965515,0.000135705120349,0.0501379955234,0.0149952950082,0.000372991608155,0.000161684852922,0.00025545674743,2008,pat0372
1,0.916845777891,2.87039413212e-05,0.000107013734844,0.00242887857,4.9794458273e-05,0.0059042851164,0.0188645414139,7.39688238484e-05,0.0177255294336,5.39834423873e-05,0.0374846920079,0.000118516493483,0.000148375911962,6.43181695735e-05,0.000101620591558,2009,pat0373
2,0.00189740842939,4.29755827772e-05,0.441338979035,0.0754156041637,0.31520223656,8.63574967557e-05,0.000232669187971,0.000110746230863,0.0370429446407,8.0824088614e-05,0.0403657512907,0.000177443066761,0.0877576164719,9.62972572185e-05,0.000152146497775,2009,pat0370
2,0.0218686514678,8.82379113e-05,0.129733652144,0.000277392457182,0.000153071626755,0.000177310106027,0.000477718784567,0.000227385307288,0.158732172369,0.000165948855167,0.000204163196994,0.000364327940981,0.0004561178694,0.654410290078,0.0326635598845,2008,pat0371
2,0.000140077717568,4.10358527883e-05,0.065348898956,0.000129003915322,0.0903424467006,8.24596967633e-05,0.000222167517668,0.0218377174691,0.000265498269616,7.71760424823e-05,9.49479738721e-05,0.00184112404984,0.0286308516029,0.760710895189,0.030235699047,2010,pat0530
1,0.0197855277924,4.38194490921e-05,0.000163367213363,0.0394096509624,7.60162412872e-05,8.80532080839e-05,0.1305485301,0.0215339551775,0.521528676813,0.0125780145109,0.000101388605933,0.000180927329619,0.0270028036549,0.226804134904,0.000155134038516,2012,pat0832
2,7.07005443753e-05,2.07117675916e-05,0.757757139618,0.000908852895389,0.000879671513955,0.00679155185549,0.00939329038873,0.00174085645843,0.000134003269887,3.89525779756e-05,4.79224930033e-05,0.000929258948857,0.218636127334,4.64097583402e-05,0.00260455057556,2009,pat0044
3,0.109200754249,2.7329777943e-05,0.000101890593261,8.59162931913e-05,4.74106141789e-05,0.0757621370639,0.485564838475,7.04276638479e-05,0.000176821200482,5.1399056197e-05,6.32351191882e-05,0.222781134163,0.104795369611,0.00117458047939,9.67556396048e-05,2010,pat0093
3,8.94092409285e-05,2.61924916564e-05,9.76505743816e-05,0.302046590109,4.54376950627e-05,0.696811129647,0.00014180577367,6.74969259379e-05,0.000169463060694,4.92601642573e-05,6.06036878596e-05,0.000108146899827,0.000135393770235,5.86906550937e-05,9.27293038512e-05,2010,pat0092
4,7.27254740413e-05,0.966001916572,7.94289744389e-05,6.69761833489e-05,3.69590198783e-05,4.28113809998e-05,0.00011534481229,5.4901997648e-05,0.0313824971496,4.0068216213e-05,0.000917202146346,8.79666852593e-05,0.000110129288878,4.77389771925e-05,0.000943333121485,2012,pat0311
2,0.000196608770676,5.75966592719e-05,0.614953869013,0.000181065922862,0.0587582310694,0.000115737891025,0.000311827486135,0.000148424116963,0.272547225267,0.000108321916587,0.000133266052198,0.000237812431989,0.00029772764478,0.00012905933915,0.0518232264193,2010,pat0091
4,0.000153133277253,0.107867081445,0.00382223894084,0.000141027371623,7.78221924658e-05,0.838910474274,0.000242874032145,0.000115603547978,0.003945233849,8.43690239664e-05,0.000103797339505,0.00201272097,0.0386092927253,0.00010052084399,0.00381381016685,2010,pat0542
1,0.278396402087,6.04325568193e-05,0.000225304028428,0.170058280099,0.000104836001272,0.000121436499338,0.436076295819,0.0272361855668,0.000390993196772,0.00257551478895,0.0715337504656,0.0125588186764,0.000312386916833,0.00013541385811,0.000213949440065,2010,pat0545
3,0.244307599117,6.30722312364e-05,0.00280453785862,0.0258922056478,0.000109415203694,0.000126740806113,0.136519281202,0.254532404161,0.275333082371,0.0283819386723,0.000145935326223,0.0182461690366,0.0131729949934,0.000141328691369,0.000223294681988,2011,pat0544
2,0.000145426078598,4.26026584137e-05,0.0244560747208,0.000133929463263,7.39054011072e-05,8.56081220542e-05,0.000230650180822,0.000109785220797,0.277958423175,8.01227305438e-05,9.85732188584e-05,0.000175903289091,0.000220220917519,9.54616293796e-05,0.696093313193,2010,pat0538
2,0.000193431783596,5.66659589692e-05,0.00482809816992,0.000178140091549,0.254024322135,0.000113867690712,0.0649425029408,0.000146025742259,0.00729187874661,0.0393496837753,0.00013111261558,0.000233969637889,0.171115875782,0.45719381038,0.00020061455001,2010,pat0547
3,0.0383756847699,1.36360215505e-05,5.08376734125e-05,4.28673964326e-05,2.36552290332e-05,2.74009707539e-05,0.00951723593811,0.829388797966,0.0189750452572,2.56452372003e-05,3.15507667058e-05,0.103378325243,7.04870843504e-05,3.05548264812e-05,4.82756204437e-05,2011,pat0539
2,0.000152575614824,4.46971194111e-05,0.000166639334698,0.000140513795031,0.537225373324,8.98168470348e-05,0.00206282967965,0.000115182556822,0.000289186334732,8.40617789595e-05,0.000103419342785,0.000184551166759,0.136794056349,0.0255919164182,0.296955180338,2011,pat0546
3,0.275769758873,5.73276398529e-05,0.000213728309357,0.00018022020976,0.00243482317566,0.000115197308627,0.0049811179411,0.00248310432659,0.000370904663797,0.000107815972328,0.000132643600195,0.679830378855,0.0283208185677,0.000128456535639,0.00487370402172,2010,pat0102
1,7.72155404417e-05,2.26203396624e-05,0.00100582455566,7.11112888872e-05,3.92408675464e-05,4.54545530921e-05,0.308822165967,5.82916436862e-05,0.000146351559196,4.2542025476e-05,0.11523879365,0.574182690156,0.000116928664561,5.06863787778e-05,8.00828106502e-05,2007,pat0013
2,0.000216411974969,6.33980200465e-05,0.601997160648,0.000199303590737,0.000109980369193,0.000127395464044,0.000343235970054,0.00016337397449,0.000410179476621,0.0414418626222,0.000146689130161,0.000261765830192,0.354152736156,0.000142058700523,0.000224448072432,2007,pat0012
2,0.000116998634882,3.42748214404e-05,0.50557527933,0.000107749342644,0.441278820009,6.88737089777e-05,0.000185563391048,8.83247426266e-05,0.000221755006062,6.4460584972e-05,7.9304428432e-05,0.000141518253763,0.00017717280814,7.6801082919e-05,0.0517831038552,2007,pat0011
1,8.50531137818e-05,0.0375808554799,9.28929194286e-05,7.83292652009e-05,4.32239152018e-05,5.00683056018e-05,0.000134896823612,6.42083934737e-05,0.0833932879032,4.68601490402e-05,5.76510023527e-05,0.878099832914,0.000128797220797,5.58311748738e-05,8.8211419194e-05,2011,pat0159
3,0.0738927893784,0.000106175778743,0.000395843431611,0.186322325004,0.000184189527322,0.389491698095,0.0784305026719,0.00892424025793,0.000686947720493,0.0218262591568,0.000245667492716,0.238330712606,0.000548841980377,0.000237912684722,0.000375894213421,2007,pat0017
1,0.0159953076424,1.56533426664e-05,0.00133370856958,0.151815852157,2.71547976465e-05,0.0249007785285,0.653063916564,4.03379916845e-05,0.00137662565707,0.0217103881991,0.100788863714,0.0287600051811,8.09149854159e-05,3.50751256332e-05,5.54175443649e-05,2007,pat0016
3,0.00990612512108,4.78325550778e-05,0.000178328833269,0.422989911177,8.2978018289e-05,0.187158771248,0.167835925537,0.10534600525,0.000309472320948,8.99585862579e-05,0.000110674054057,0.0645002844261,0.0411672107451,0.000107180486269,0.000169341641566,2007,pat0015
1,0.10514016737,0.0496057530002,0.000266662642273,0.000224855553624,0.000124080538194,0.00014372835678,0.000387240961313,0.000184319536571,0.00920410121198,0.000134518876544,0.000165495591178,0.615102495742,0.218903085394,0.000160271511593,0.000253223714635,2007,pat0014
1,0.736737908817,4.16626765008e-05,0.000155326356268,0.000130974453464,7.22747577884e-05,8.37192707636e-05,0.0833895908074,0.101940868653,0.0410029560524,7.83549085269e-05,9.63983066282e-05,0.0358137491756,0.000215361979438,9.33553710302e-05,0.0001474984144,2011,pat0152
1,0.539563382432,0.000129745823713,0.00048371702759,0.000407880380651,0.000225077905947,0.000260718385332,0.423542041449,0.000334349414665,0.011410433773,0.000244012699198,0.000300203413427,0.0163921960815,0.0059561748378,0.000290727109482,0.000459339266701,2011,pat0153
3,0.000116672822803,0.0334511926887,0.000127427188098,0.000107449287542,5.92930226182e-05,0.313353181733,0.203471877638,8.80787802016e-05,0.000221137473563,6.42810782865e-05,0.0376732235637,0.235452592914,0.175615999325,7.65872110181e-05,0.000121005273332,2011,pat0150
1,0.075803915602,2.94972518231e-05,0.000109971346789,9.27301546782e-05,5.11706618488e-05,0.00486582739272,0.0590399841313,0.00848748264144,0.109539947938,5.54754197885e-05,0.030109212645,0.711491783212,0.000152476678748,6.60957749142e-05,0.000104429149504,2007,pat0018
1,0.159461250542,4.29755827772e-05,0.000160221119763,0.000135101821085,7.45523354934e-05,8.63574967557e-05,0.437910008389,0.000110746230863,0.000278048147846,8.0824088614e-05,9.94360841413e-05,0.394087048348,0.00722498605884,9.62972572185e-05,0.000152146497775,2011,pat0156
1,0.0620191096193,4.89777946079e-05,0.000182598503348,0.000153970902002,8.49647343764e-05,0.0200506514865,0.40130504467,0.000126213672934,0.000316881917505,0.00408255899897,0.051989129208,0.425184784737,0.0341719709467,0.000109746674287,0.000173396134195,2011,pat0157
2,0.000130480321126,3.82242896477e-05,0.0188283612395,0.000120165238197,6.63099807298e-05,7.68099873444e-05,0.000206945755202,9.8502352553e-05,0.0531905602598,0.680548399063,8.8442632677e-05,0.000157825321765,0.0531408408806,8.56508280824e-05,0.19322248185,2011,pat0154
2,0.000140783757964,4.12426877529e-05,0.433623659234,0.000129654139904,0.0471147909955,8.28753223028e-05,0.000223287319195,0.000106280634819,0.210281322266,0.307538772237,9.54265446699e-05,0.000170288068792,0.00021319098094,9.24142839786e-05,0.000146011527824,2011,pat0155
2,0.000219818275959,0.0105576568505,0.0920561134498,0.000202440607616,0.312286224784,0.000129400654817,0.000348638466957,0.00016594546311,0.000416635657049,0.00274442446875,0.000148998001143,0.00813583171029,0.0396826027226,0.41725141755,0.115653851338,2007,pat0347
3,0.000125591198664,0.0899652487284,0.000137167618911,0.000115662623855,6.38253331333e-05,0.194918921441,0.42586055322,0.157469610693,0.0347106161148,6.91946717275e-05,8.51286704003e-05,0.0945767911226,0.0016889922697,8.24414752552e-05,0.000130254818193,2012,pat0292
1,0.372310963198,6.66695357153e-05,0.000248556668139,0.000209588215074,0.000115655664743,0.000133969427339,0.019372507663,0.0354789869302,0.133512264167,0.000125385256331,0.122371428548,0.198538682545,0.117129922631,0.000149389327952,0.000236030222556,2012,pat0834
2,0.000431489977585,0.000126405252079,0.623549765342,0.000397378665907,0.000219282814847,0.00540341476957,0.00068435621941,0.000325740905052,0.0111166488148,0.000237730093114,0.000292474062463,0.000521918124992,0.000653411820493,0.000283241745348,0.355756741392,2012,pat0631
1,0.77232903867,0.0200514915211,0.000228681924915,0.0101879058743,0.000106407767045,0.000123257149982,0.15025823321,0.000158066934548,0.000396855207118,0.000115359374538,0.0426209990404,0.000253262629357,0.00281583952879,0.000137444065909,0.000217157101584,2009,pat0345
1,0.132057773601,0.0140217846932,9.14998001354e-05,0.197038345607,4.25756842003e-05,4.93174289694e-05,0.174098595813,6.32454573071e-05,0.160127269031,4.61573852762e-05,5.67864076759e-05,0.264049327053,0.0581154396575,5.49938722316e-05,8.68885085705e-05,2012,pat0314
1,0.356568641986,5.17665097345e-05,0.000192995362015,0.0107068778317,8.98024867063e-05,0.000104022468284,0.369325165927,0.130880737059,0.00033492465307,9.73571665498e-05,0.0823640689844,0.0402814724696,0.00870290260135,0.000115995469545,0.000183269025088,2012,pat0831
1,0.363300042546,0.000104815696062,0.000390772785534,0.0131392342915,0.000181830109862,0.000210622417374,0.132934644014,0.487039710735,0.000678148108107,0.000197126660284,0.000242520559336,0.000432776412837,0.000541811464743,0.000234865088311,0.000371079111372,2012,pat0259
2,0.000121582176257,3.56175726815e-05,0.00593664453003,0.00011197053352,6.17879515859e-05,7.15719070812e-05,0.00164379689369,0.857611430176,0.133719118222,6.69858944217e-05,8.24112606553e-05,0.000147062376326,0.000184113734395,7.98098440175e-05,0.000126096927431,2010,pat0459
1,0.275180967615,3.42748214404e-05,0.00152404683397,0.000107749342644,5.94586000206e-05,6.88737089777e-05,0.280834587578,8.83247426266e-05,0.00580681021377,6.4460584972e-05,0.424543500214,0.0113116286692,0.00017717280814,7.6801082919e-05,0.000121343183898,2011,pat0593
2,0.000163917373335,4.80196944839e-05,0.207535470327,0.000150958934201,0.277862689642,9.64934119008e-05,0.00025997793631,0.000123744690068,0.000310683096041,9.03105389472e-05,0.000111107053647,0.000198269838441,0.0784959372083,0.000107599817674,0.434444820438,2009,pat0428
1,0.0050620634714,4.02948866442e-05,0.000150226976382,0.755218986031,6.99019702267e-05,0.00336398080861,0.0527463167363,0.000103838192074,0.000260704285435,0.00992481265877,9.32335405337e-05,0.172524402288,0.000208291624009,9.02905048171e-05,0.000142656026632,2009,pat0429
1,0.000187376186764,0.0559586610988,0.000204647663629,0.0717293877053,9.52244079892e-05,0.00011030293618,0.639836303182,0.221520380001,0.00035514608759,0.000103235209717,0.000127007989521,0.0091712480194,0.000283746602865,0.00012299882021,0.000194334088696,2009,pat0315
2,0.000134458398601,3.93896698699e-05,0.459070727432,0.000123828829942,6.83316360906e-05,7.91517663793e-05,0.000213255106989,0.000101505487328,0.000254847614478,7.40800697118e-05,9.11390672183e-05,0.000162637092245,0.0563656251019,0.0161345514915,0.467086471235,2011,pat0556
2,0.000127308497165,3.72951018839e-05,0.000139043210106,0.000117244161835,0.0502016601976,7.494282641e-05,0.000201915145993,9.61078755977e-05,0.0564554656148,0.00766665023447,8.62926957434e-05,0.00471189442146,0.000192785189039,0.0243923988827,0.855498995945,2011,pat0557
2,0.0002650058843,7.76336354201e-05,0.000289432910376,0.000244055923037,0.0855244697918,0.000156001291563,0.000420307387244,0.0539640029406,0.000502282625253,0.00963376030926,0.000179627225623,0.000320543654386,0.212294495055,0.000173957062958,0.635954424304,2011,pat0554
2,0.000177080727454,0.00216516047673,0.175596022495,0.000163081663281,8.99922649157e-05,0.000104242297362,0.000280855416038,0.000133681984344,0.000335632444171,9.75629099476e-05,0.000120029484885,0.000214191860869,0.264428727236,0.000116240600981,0.555977498137,2012,pat0555
1,0.00154563413164,3.50080280761e-05,0.000130516565375,0.000110054315498,6.07305377945e-05,7.03470546677e-05,0.684733211269,0.00864701016348,0.000226498786922,6.58395251577e-05,0.148398797875,0.15416687323,0.00160709555021,7.84440109127e-05,0.000123938956068,2012,pat0552
1,0.000176335433553,5.16575727977e-05,0.0570111251341,0.000162395288367,8.96135072316e-05,0.00010380356442,0.221240646339,0.42311555334,0.105553730785,0.0274542251344,0.0611468406545,0.103328411099,0.000267027422745,0.000115751369813,0.000182883355544,2012,pat0553
3,0.00311258843635,7.04989500027e-05,0.00026283345057,0.258695967463,0.000122298780677,0.152354331802,0.198545341556,0.000181672765977,0.000456121853541,0.00013258722777,0.000163119126521,0.310460293973,0.000364421940597,0.0748283351728,0.000249587501707,2011,pat0551
2,0.000513453409168,0.000150416489346,0.110856900271,0.000472862502815,0.000260936556361,0.00030225515633,0.000814352713144,0.00651517900344,0.0438661163306,0.000282887976807,0.000348030805502,0.000621058783529,0.644171558277,0.0187197312828,0.172104260441,2011,pat0127
4,0.000186127558914,5.4526181894e-05,0.000203283942995,0.000171413300173,9.45898564495e-05,0.993008147207,0.000295203965707,0.000140511628648,0.000352779483255,0.000102547276206,0.000126161640176,0.000225134653419,0.000281855786765,0.000122179186963,0.00463553833139,2011,pat0126
2,7.82247082487e-05,2.29159759869e-05,8.54351028148e-05,7.20406772337e-05,0.696456914286,0.00658079409539,0.00012406676489,0.123285682432,0.0178854305873,0.0345838955358,5.30225483672e-05,9.46184040837e-05,0.0757347973525,5.13488239465e-05,0.0448908127054,2010,pat0125
2,0.000201817614374,5.91225932096e-05,0.32295875301,0.000185862982971,0.000102563528389,0.000118804186502,0.00032008887056,0.000152356383176,0.00760800291236,0.0193791519029,0.000136796729052,0.0917669236892,0.253197592649,0.303602851174,0.000209311774616,2011,pat0656
2,0.000297990605611,8.72965296438e-05,0.00388168323068,0.000274433047027,0.0570510420556,0.0215127697547,0.0004726221578,0.000224959407196,0.487767655652,0.000164178400656,0.000201985046064,0.000360441044346,0.0146761525709,0.000195609130258,0.412831181367,2011,pat0651
2,0.000209382048699,6.13385988585e-05,0.440012046214,0.000192829413194,0.0101014842282,0.000123257149982,0.000332086293318,0.000158066934548,0.0178882390141,0.0201055122968,0.000141924080677,0.00525080085992,0.100267835025,0.0226263661034,0.382528831739,2010,pat0122
3,0.000163917373335,4.80196944839e-05,0.000179026524452,0.000150958934201,8.33026603038e-05,0.123336643974,0.0472086067219,0.0529409520738,0.0805145906047,9.03105389472e-05,0.0177168428482,0.39730542165,0.279983802413,0.000107599817674,0.000170004171388,2012,pat0653
2,0.000199416150348,0.00243825498891,0.000217797415795,0.271484944656,0.473688688411,0.00963673413836,0.0859903726934,0.00015054346722,0.0955714024437,0.000109868646906,0.0334528716449,0.000241208159377,0.026480173869,0.000130902179446,0.000206821136232,2010,pat0120
1,0.000135545902991,3.9708254944e-05,0.00338325436494,0.000124830361996,6.88843048339e-05,7.97919487276e-05,0.470938684251,0.00010232646738,0.00834494498806,7.46792319941e-05,0.106853953474,0.409418582044,0.000205259217674,8.89760136555e-05,0.000140579173849,2010,pat0088
1,0.000129472279422,3.79289832157e-05,0.00014140643988,0.0526534698544,6.5797694851e-05,7.62165823783e-05,0.173259290863,0.547071814022,0.103768738539,7.13329593773e-05,0.103611100794,0.00170173052195,0.000196061837344,8.49891221182e-05,0.0171306495059,2010,pat0089
1,0.174826529133,8.40101793413e-05,0.000313205874958,0.00026410178723,0.000145737525133,0.0138582073462,0.0586347487815,0.229513817963,0.00738823462828,0.000157997768518,0.000194381151386,0.154352539558,0.00385661212046,0.356112454863,0.00029742132016,2010,pat0080
3,0.000144423480729,0.0776021670789,0.0001577357743,0.0794164166605,7.33958817805e-05,0.680888217081,0.0588298417299,0.000109028338472,0.000273735072866,7.95703476447e-05,9.78936344255e-05,0.101864282348,0.000218702668352,9.48034968968e-05,0.000149786405619,2010,pat0081
2,0.000207824135109,6.0882207122e-05,0.0944737043814,0.000191394659999,0.0397884471826,0.000122340051356,0.000329615395011,0.000156890832646,0.116962218885,0.000114501039554,0.000140868090178,0.000251378220952,0.164006389718,0.000136421409098,0.583057123792,2010,pat0082
2,0.000105242888079,3.08309682453e-05,0.257588898092,0.0176805100725,5.34843401688e-05,0.00257389445971,0.00393482994708,7.94500808685e-05,0.0542062054843,5.79837374732e-05,7.13361065629e-05,0.000127298833503,0.256377354791,0.0967788135042,0.310333866694,2009,pat0421
3,0.136660374922,4.92727248714e-05,0.116603498881,0.481892004919,8.54763676929e-05,0.00210624926519,0.0303753310028,0.024213829038,0.000318790089732,0.128555895603,0.00011400629147,0.000203443510102,0.0484284103933,0.0302189767154,0.000174440276096,2010,pat0084
1,0.0298092507871,3.83437037884e-05,0.000142952596797,0.170380622197,6.65171356422e-05,7.70499446785e-05,0.787465217082,9.88100776645e-05,0.0111822139862,7.21129234908e-05,8.87189308394e-05,0.000158318374098,0.000198205603682,8.59184045407e-05,0.000135748252057,2010,pat0085
2,0.000536463921385,0.000157157432933,0.0325967628824,0.000494053925841,0.000272630477777,0.000315800778666,0.000850848084915,0.000404987954199,0.109853685038,0.000295565655307,0.000363627872264,0.000648891651069,0.000812375456464,0.000352149494316,0.852044999375,2010,pat0086
1,0.244804976299,3.43227450469e-05,0.000127961700328,0.000107899999507,5.95417359913e-05,6.89700093051e-05,0.268643310291,8.84482397021e-05,0.112079351502,6.45507147984e-05,7.94153131591e-05,0.000141716126861,0.00856671701658,0.365011305459,0.000121512847888,2010,pat0087
2,0.256002011616,3.65183483483e-05,0.000136147325671,0.000114802291116,6.33505814647e-05,7.3381975187e-05,0.0388768448115,0.0432362183282,0.56405904597,6.86799813335e-05,0.0670291521855,0.0299039623814,0.000188770008233,8.18282512261e-05,0.000129285944405,2009,pat0062
3,0.0955283764788,2.78886709878e-05,0.000103974252485,0.279570549522,4.83801596532e-05,0.0136893520637,0.36711427759,7.18679072181e-05,0.000180437188118,0.0125496519484,0.0159700578176,0.0944122183022,0.0808079185954,0.0398263152137,9.87342891987e-05,2006,pat0009
3,0.0501189985081,0.000122007390307,0.00542511876365,0.025234813575,0.000211653578777,0.77063424119,0.139827604578,0.00528465988699,0.000789376820651,0.000229459043681,0.000282298373736,0.000503759672458,0.00063067847026,0.000273387265225,0.000431942883337,2010,pat0076
2,0.000467608597153,0.000136986223708,0.391142166128,0.000430641938761,0.591765270904,0.000275267642809,0.000741641447855,0.000353007614451,0.000886288522948,0.00025762970432,0.000316956112904,0.000565606190027,0.000708106794169,0.000306950988616,0.0116458711909,2006,pat0332
2,0.000175965134245,5.15490933898e-05,0.042191605999,0.000162054262961,0.564981640546,0.000103585579938,0.0002790860513,0.000132839799449,0.222930450382,9.69482720853e-05,0.000119273309551,0.000212842470741,0.000266466672885,0.0400149584413,0.128280733985,2006,pat0333
1,0.0837409301095,4.27510487938e-05,0.000159384014507,0.123785329749,7.41628228497e-05,0.00356903120141,0.00893926580314,0.000110167616432,0.000276595433207,8.04018080212e-05,0.243917659252,0.358938380226,0.13780442135,0.0297023557465,0.00885916381883,2007,pat0330
2,0.00100705915086,0.0167483712366,0.0549077127249,7.17059770131e-05,3.95690303226e-05,0.798226808252,0.0131322605849,5.87791239285e-05,0.0977133522116,4.28977951126e-05,5.27762061712e-05,9.41788079842e-05,0.00197630226091,5.11102578563e-05,0.0158771163798,2006,pat0331
2,0.000224530387863,6.57763140546e-05,0.000245226568453,0.00288632987079,0.000114106139254,0.000132174538668,0.000356112019658,0.000169502735992,0.426473963699,0.203769479983,0.000152191981497,0.000271585633791,0.000340009773368,0.118047573146,0.24675143721,2008,pat0336
2,0.00058928144118,0.000172630357568,0.0147085892237,0.0216401817584,0.000299472293383,0.000346892923381,0.0290645993247,0.000444861016365,0.022214388643,0.0425196371243,0.000399428830307,0.000712778235533,0.32438713988,0.119939239804,0.422560879144,2007,pat0337
1,0.0838005703573,0.0209751015392,0.000634672043433,0.000535168827845,0.000295318639516,0.000342081549627,0.153490669233,0.000438690833943,0.264629708471,0.187563952413,0.104418216534,0.000702892065295,0.000879980905053,0.180690289946,0.000602686641979,2006,pat0334
1,0.580454170873,7.45678810474e-05,0.000278003196879,0.00327211254632,0.000129357400776,0.0426775623727,0.0550822086068,0.0670214349895,0.012633225064,0.000140239657872,0.234075002412,0.000307885376762,0.00342314938618,0.000167087493814,0.000263992742267,2006,pat0335
2,9.69617715396e-05,2.84050101048e-05,0.229220315494,8.92964875661e-05,0.241892270795,5.7078587641e-05,0.000153784316775,0.0405732215621,0.000183777855675,5.34212430741e-05,6.5722970866e-05,0.000117282228155,0.000146830681942,0.48143535113,0.00588627986667,2007,pat0338
2,0.00509239774342,5.99894996772e-05,0.00266746267995,0.000188588266375,0.000104067403325,0.063659617962,0.000324782289725,0.0856879562028,0.151904374714,0.0880899984179,0.00013880256071,0.00269150274915,0.000310096673595,0.000134421080705,0.598945941756,2007,pat0339
3,0.0215097508422,0.0214493073314,0.00111356980911,0.00109893186546,4.34444010506e-05,0.226535398914,0.000135584934361,0.391822503851,0.105242942204,4.70991833731e-05,0.0225024119936,0.155174264938,0.0531800123745,5.61159705459e-05,8.86613869848e-05,2012,pat0729
2,0.000450029046989,0.000131836283766,0.489221088207,0.000414452134699,0.000228704353086,0.00563557376893,0.000713759746971,0.000339736440429,0.000852968875609,0.000247944223047,0.000305040280045,0.000544342461234,0.231619637843,0.263457491512,0.0058373948228,2012,pat0728
1,0.365412965453,5.89805388754e-05,0.000219890630265,0.00739354073902,0.000102317098167,0.000118518734719,0.288644293012,0.077038649841,0.11090617184,0.000110924576062,0.0361770896991,0.113170807549,0.000304881171047,0.000132160258359,0.000208808859517,2012,pat0239
2,0.000130075226681,0.00314274578181,0.352518723672,0.000119792168372,6.61041121003e-05,0.0513031342396,0.0855839077958,9.81965381929e-05,0.0390545419683,7.16651541335e-05,8.81680501273e-05,0.000157335330932,0.0421096171147,0.425421087494,0.000134905353106,2012,pat0238
2,0.106152793024,0.000129745823713,0.00048371702759,0.000407880380651,0.000225077905947,0.000260718385332,0.0535573919541,0.000334349414665,0.212259243499,0.301517227288,0.000300203413427,0.000535711103174,0.00067067984502,0.0425746870517,0.280590573884,2011,pat0698
2,4.2230723154e-05,1.23715161025e-05,4.61233573814e-05,0.0433813618743,0.917773058157,0.000528842209724,0.0378656446365,3.18808655955e-05,8.00425943301e-05,2.32670844497e-05,2.86249781067e-05,5.10810933987e-05,6.39506248817e-05,2.77213941339e-05,4.37988905681e-05,2012,pat0233
4,0.00209147099492,0.536522841377,0.000176608166997,0.0329549736666,8.21773767172e-05,0.181493370565,0.000256466056815,0.000122073100372,0.0446911474883,8.90905903069e-05,0.000109606177884,0.000195591535082,0.0041044052401,0.196942469973,0.000167707691263,2012,pat0720
2,0.000154545432487,4.5274178697e-05,0.525807958269,0.000142327889346,7.8539848474e-05,9.09764216627e-05,0.000245113753269,0.00380536552644,0.330431204036,8.51470531511e-05,0.00010475453156,0.00018693380273,0.00945577027504,0.0941631935929,0.035202895389,2012,pat0723
4,9.10610144423e-05,0.996552378557,9.94546007965e-05,0.00117058598861,4.62771248628e-05,5.36049827782e-05,0.000144425536667,6.87438846792e-05,0.00125931754837,5.01702115159e-05,6.17232988238e-05,0.000110144838551,0.000137895075931,5.97749241087e-05,9.44424132173e-05,2012,pat0230
2,9.30841496125e-05,2.72690583965e-05,0.826587386927,0.0545182528463,4.73052803194e-05,5.47959438785e-05,0.00014763429054,7.02711921849e-05,0.00573076788481,5.1284861073e-05,6.30946274592e-05,0.000112591965876,0.11011688152,6.11029650052e-05,0.00231827648787,2012,pat0725
2,0.00569826998348,0.000129063658393,0.321201204231,0.0582404954542,0.000223894512621,0.000259347604865,0.0322449812958,0.0371365294238,0.0323812627421,0.000242729752308,0.000298625032314,0.000532894492005,0.14262519987,0.000289198551984,0.368496303395,2012,pat0236
2,0.48844473651,8.10096680204e-06,3.02019399927e-05,0.0109158478274,1.40532357171e-05,1.62785276921e-05,0.247552515696,2.08758434836e-05,0.166048218606,1.52354713155e-05,1.87438625493e-05,0.0845164032882,0.00235195617638,1.8152188602e-05,2.86798606994e-05,2012,pat0727
3,0.20579072376,4.99749055586e-05,0.000186315922001,0.000157105507668,8.66944828827e-05,0.000100422320437,0.659883660732,0.000128783185025,0.0430760338872,9.39877003247e-05,0.0835851895942,0.000206342763271,0.00636585808746,0.000111980944156,0.00017692620707,2012,pat0234
2,0.00163666403305,3.70698208892e-05,0.931885046124,0.00011653594869,6.43072541433e-05,7.44901344042e-05,0.000200695477923,9.5527336151e-05,0.0651751937338,6.97171345875e-05,8.57714448726e-05,0.000153058603928,0.000191620670457,8.30639597307e-05,0.000131238323182,2012,pat0271
3,0.000186127558914,0.0600282658713,0.000203283942995,0.000171413300173,9.45898564495e-05,0.533209476255,0.209092668069,0.000140511628648,0.000352779483255,0.000102547276206,0.000126161640176,0.195695101048,0.000281855786765,0.000122179186963,0.000193039095135,2009,pat0379
1,0.552636012608,8.91998174865e-05,0.000332553829798,0.000280416390055,0.000154740303434,0.000179243013158,0.0695243671614,0.000229864098214,0.338516797868,0.00016775791012,0.000206388837191,0.000368299581914,0.000461090138052,0.000199873910096,0.0366533945331,2005,pat0321
2,0.028806482192,3.52088782011e-05,0.162208832759,0.000110685725613,6.10789646204e-05,7.07506539418e-05,0.000190620360935,9.07317667777e-05,0.0475601852049,6.62172635674e-05,8.14656311578e-05,0.000145374906435,0.289913581755,0.129167222071,0.341491561866,2008,pat0357
2,3.00747128286e-05,8.81040546425e-06,3.28468618185e-05,2.76971653623e-05,1.52839417538e-05,1.77041127107e-05,0.019428956101,2.27040364432e-05,5.70025294086e-05,1.65697111232e-05,2.03853482012e-05,3.63775256543e-05,0.0836720760999,0.895505583478,0.00110792797,2005,pat0320
2,0.000319584371648,9.36224365735e-05,0.0384882982823,0.000294319724321,0.000162412487512,0.000188130066893,0.000506870527069,0.423587003597,0.176046306742,0.141291323054,0.000216621808921,0.0118283370826,0.172110603869,0.0269072631281,0.00795930282186,2012,pat0835
3,8.33608462856e-05,2.44206107571e-05,9.10446664818e-05,7.67707794077e-05,4.23639063967e-05,0.892411430524,0.0717599606679,6.29308649691e-05,0.000157999150948,4.59277915572e-05,5.65039436141e-05,0.028950896031,0.00609521358045,5.47203245085e-05,8.6456312169e-05,2008,pat0346
1,0.0513931638619,3.70139252523e-05,0.000137994930319,0.00011636023025,6.42102886106e-05,0.073958905565,0.000200392859748,0.0016032308006,0.0665847669857,6.96120117801e-05,0.00310133712483,0.773678597936,0.0273325868277,0.00159078621705,0.000131040435804,2012,pat0837
1,0.00011570618403,3.38961971753e-05,0.000126371448999,0.00562991774748,0.00282048111836,6.81128805809e-05,0.0692254970419,0.468191997291,0.0471678541329,6.37485071088e-05,0.0456461374962,0.334303155165,0.0264111693667,7.59526830629e-05,0.000120002740041,2012,pat0836
3,0.133050749894,0.00599874115525,0.00018151203225,0.000153054766701,8.44591895524e-05,9.78330744367e-05,0.000263587329891,0.329361827255,0.115349388889,0.0119916739242,0.00011264960411,0.29770376157,0.000251668754075,0.0675430478625,0.0378560446987,2008,pat0343
1,0.000207824135109,6.0882207122e-05,0.00022698041,0.000191394659999,0.000105616036773,0.000122340051356,0.000329615395011,0.000156890832646,0.183926996443,0.000114501039554,0.000140868090178,0.808789062818,0.00527506513455,0.000136421409098,0.000215541337472,2012,pat0830
3,5.79409814736e-05,1.69738458581e-05,6.3281715205e-05,0.0857954804575,0.0173161632927,0.843625933818,9.18961577093e-05,4.37408716893e-05,0.000109819253113,0.00902101590042,3.92737609562e-05,7.00837794197e-05,0.0436502696085,3.803403456e-05,6.00925231073e-05,2012,pat0833
1,0.0671398263335,1.44465444889e-05,5.38594565831e-05,4.54154276153e-05,2.50612920607e-05,2.90296800697e-05,0.476773959443,3.72281246175e-05,9.34678410003e-05,2.71695859947e-05,0.155989441825,0.299612901505,7.46768253621e-05,3.23710004767e-05,5.11451155959e-05,2008,pat0340
3,0.0574386793498,0.000100113466934,0.000373241983914,0.481560342041,0.000173672869382,0.138865164707,0.233008115778,0.000257988104061,0.041431251935,0.000188283187802,0.000231640631225,0.00041336124955,0.0453793842923,0.000224328599018,0.00035443180499,2010,pat0426
2,0.000104325678252,0.00127558678184,0.200562888175,9.60782428266e-05,5.30182149676e-05,6.14135063209e-05,0.000165463696644,7.8757659782e-05,0.397360554077,5.74783992526e-05,7.07144001546e-05,0.0013712139131,0.000157981957617,0.151961472525,0.246623052772,2010,pat0424
1,0.448660438528,4.66508243374e-05,0.00017392311704,0.000146655633637,8.09279986981e-05,9.37427290341e-05,0.000252566892996,0.000120217170499,0.218851137194,8.77361077267e-05,0.247163682165,0.000192617872811,0.000241146626082,0.0837233991815,0.000165157959069,2010,pat0425
2,0.000211495967061,6.19578725319e-05,0.358638515681,0.00019477621637,0.000107482058438,0.000124501552519,0.0331473955449,0.000159662776204,0.129124691248,0.00011652404124,0.000143356944296,0.000255819565474,0.199716007284,0.128862661096,0.149135152152,2012,pat0839
2,9.34996124878e-05,2.73907684992e-05,0.526772012752,8.61080284671e-05,4.75164181754e-05,5.50405148446e-05,0.000148293227288,0.00118641088214,0.0291886930584,5.15137610085e-05,6.33762379745e-05,0.00792387683583,0.139619843913,0.00117720173438,0.293559222255,2012,pat0838
1,0.0956084063564,8.06961360592e-05,0.000300850493337,0.0364144562756,0.000139988454367,0.000162155248576,0.164804036841,0.0166446653884,0.0038094397108,0.000151765054251,0.000186713181219,0.108815506916,0.263404571648,0.309191059686,0.000285688609485,2008,pat0349
3,0.000389383034155,0.000114069997322,0.000425274575031,0.451108297801,0.000197884104426,0.000229218518681,0.302666339577,0.000293953483386,0.242377035603,0.000214531205302,0.000263932985167,0.000470986752062,0.000589648637125,0.000255601603588,0.000403842123182,2008,pat0348
2,0.0127367243337,3.44189954327e-05,0.0786479959897,0.000108202580684,5.97087073408e-05,6.91634201175e-05,0.000186343946971,0.0421528081208,0.103980830357,6.47317326976e-05,7.96380154668e-05,0.00294638766093,0.00158005513142,0.743209766788,0.0141432242192,2007,pat0329
1,0.000183277818424,5.36913486797e-05,0.000200171526508,0.389497644862,9.31416209202e-05,0.000107890345396,0.326189558048,0.000138360299313,0.00034737818759,0.0154116625561,0.000124230019001,0.26050333862,0.0002775403815,0.000120308539875,0.00675180582671,2011,pat0481
1,0.416272182778,5.86984683037e-05,0.0289134468062,0.000184529666622,0.000101827773334,0.000117951926618,0.110313789187,0.00254248074722,0.000379773800343,0.000110394086528,0.344471108858,0.0719788811928,0.000303423096776,0.0240437013676,0.000207810244796,2010,pat0483
2,0.000138686670854,4.0628344805e-05,0.0646999494102,0.000127722837391,0.0745494949462,8.16408278364e-05,0.000219961275298,0.0216208572456,0.179012496544,7.64096430706e-05,9.4005089669e-05,0.000167751491283,0.00517528296384,9.10376990192e-05,0.653904075011,2011,pat0559
3,0.00173352400757,3.92636626516e-05,0.000146382377841,0.00012343270257,0.00166760878401,0.673466605202,0.00501106012644,0.000101180772139,0.101022263994,7.38430881999e-05,0.00648883047508,0.209696058789,0.000202961038964,8.79797963717e-05,0.000139005183321,2012,pat0743
3,8.96963620729e-05,2.62766039707e-05,9.79641610353e-05,0.613443573573,0.0235952193844,0.124223608463,0.00121269914629,0.0236173494544,0.150031325826,4.94183541109e-05,6.0798305329e-05,0.000108494193477,0.0579394800089,0.00327019309848,0.00223390306627,2012,pat0742
1,0.601790867351,2.80800832422e-05,0.000104687873657,8.82750189083e-05,4.87122140358e-05,0.032085818081,0.175169776601,7.23611683758e-05,0.0733917154235,5.28101538034e-05,6.49711612857e-05,0.000115940628688,0.116823652031,6.29202636462e-05,9.94119461903e-05,2011,pat0163
1,0.329538050518,4.70081670329e-05,0.000175255358353,0.000147779007558,8.15479026249e-05,9.44607930759e-05,0.00216948750656,0.000121138027276,0.561395026449,8.84081613865e-05,0.0422384578382,0.0633886301711,0.0002429937957,0.000105333244126,0.000166423059763,2011,pat0162
3,0.000114598489051,0.00550405337185,0.000125161651782,0.430905970814,5.82388480888e-05,0.146402845608,0.199854337809,0.00418937407775,0.0672306063697,6.31382207889e-05,0.113590172301,0.0315938847339,0.00017353823089,7.52255619814e-05,0.000118853912658,2011,pat0161
3,0.00141266717849,3.19963769137e-05,0.00142273467474,0.434148143197,5.55060448769e-05,0.561849571201,0.000173227925101,8.24532889485e-05,0.000207013675295,6.01755191176e-05,7.40326069224e-05,0.000132110721436,0.000165395112502,7.16956731847e-05,0.000113276804509,2011,pat0160
